DOUBLE PONG 



#1
O + A * B 16
IF G.BTN.V O: SCRIPT 2
O + X * Y 16
IF G.BTN.V O: SCRIPT 4

#2
TR.P 1
CV 1 N PN 0 A
SCRIPT 3

#3
IF TOSS: O 1
ELSE: O -1
IF TOSS: C 0; D O
ELSE: D 0; C O

#4
TR.P 2
CV 2 N PN 0 B
SCRIPT 5

#5
O RRAND -1 1
IF TOSS: Z 1; T O
ELSE: Z O; T -1

#6
IF EQ A X: TR.P 3
IF EQ B Y: TR.P 4
IF EQ A X: G.REC A 0 A 7 0 5
IF EQ B Y: G.REC 0 B 15 B 0 7

#7

#8
A % + A + C 16 16
B % + B + D 8 8
X % + X + Z 16 16
Y % + Y + T 8 8
SCRIPT 1
CV.SLEW 3 M; CV 4 PN 0 + A B

#M
SCRIPT 8
G.CLR; G.LED A B 13
G.LED X Y 10
M! SCALE 0 V 10 V 1 10 PRM
SCRIPT 6
CV.SLEW 3 M; CV 3 PN 0 RAND 4

#I
A 8; B 4; C 1; D 0
X 8; Y 4; Z -1; T 1
G.BTX 0 0 0 1 1 1 0 7 16 8
O.MAX 16383; O.INC 0

#P
17	0	0	0
1	1	1	1
0	0	0	0
63	63	63	63

7	4	12	0
3	1	6	2
5	0	0	0
9	0	0	0
7	0	0	0
9	0	0	0
15	0	0	0
12	0	0	0
14	0	0	0
3	0	0	0
3	0	0	0
5	0	0	0
9	0	0	0
7	0	0	0
12	0	0	0
10	0	0	0
15	0	0	0
0	0	0	0
0	0	0	0
0	0	0	0
0	0	0	0
0	0	0	0
0	0	0	0
0	0	0	0
0	0	0	0
0	0	0	0
0	0	0	0
0	0	0	0
0	0	0	0
0	0	0	0
0	0	0	0
0	0	0	0
0	0	0	0
0	0	0	0
0	0	0	0
0	0	0	0
0	0	0	0
0	0	0	0
0	0	0	0
0	0	0	0
0	0	0	0
0	0	0	0
0	0	0	0
0	0	0	0
0	0	0	0
0	0	0	0
0	0	0	0
0	0	0	0
0	0	0	0
0	0	0	0
0	0	0	0
0	0	0	0
0	0	0	0
0	0	0	0
0	0	0	0
0	0	0	0
0	0	0	0
0	0	0	0
0	0	0	0
0	0	0	0
0	0	0	0
0	0	0	0
0	0	0	0
0	0	0	0

#G
0000000101000001
0000000000000000
0000100000001000
0000000000000000
0010000000001001
1000000001000000
0000000000000000
0000100100001000
0000000000000000
0000000000000000
0000000000000000
0000000000000000
0000000000000000
0000000000000000
0000000000000000
0000000000000000

0	0	0	0	0	0	0	0	0	0	0	0	0	0	0	0
0	0	0	0	0	0	0	0	0	0	0	0	0	0	0	0
0	0	0	0	0	0	0	0	0	0	0	0	0	0	0	0
0	0	0	0	0	0	0	0	0	0	0	0	0	0	0	0
