GRID SEQUENCER



#1
Z - G.BTNI 97

#2
M.ACT G.BTNV

#3

#4

#5

#6

#7

#8
D + Z * 16 Y
G.BTN.L D 8
A G.BTN.V + 112 Y
TR + Y 1 * A G.BTN.V D

#M
Z WRAP + Z 1 0 15
G.GBTN.L 0 4 4
L 0 5: Y I; SCRIPT 8
M SCALE 0 16383 500 50 PARAM

#I
G.BTX 0 0 0 1 1 1 4 0 16 6
G.BTX 96 0 6 1 1 0 4 1 16 1
G.BTX 112 0 7 1 1 1 4 0 6 1
G.BTN 127 15 7 1 1 1 4 2
L 112 117: G.BTN.V I 1
G.BTN.V 127 1

#P
0	0	0	0
1	1	1	1
0	0	0	0
63	63	63	63

0	0	0	0
0	0	0	0
0	0	0	0
0	0	0	0
0	0	0	0
0	0	0	0
0	0	0	0
0	0	0	0
0	0	0	0
0	0	0	0
0	0	0	0
0	0	0	0
0	0	0	0
0	0	0	0
0	0	0	0
0	0	0	0
0	0	0	0
0	0	0	0
0	0	0	0
0	0	0	0
0	0	0	0
0	0	0	0
0	0	0	0
0	0	0	0
0	0	0	0
0	0	0	0
0	0	0	0
0	0	0	0
0	0	0	0
0	0	0	0
0	0	0	0
0	0	0	0
0	0	0	0
0	0	0	0
0	0	0	0
0	0	0	0
0	0	0	0
0	0	0	0
0	0	0	0
0	0	0	0
0	0	0	0
0	0	0	0
0	0	0	0
0	0	0	0
0	0	0	0
0	0	0	0
0	0	0	0
0	0	0	0
0	0	0	0
0	0	0	0
0	0	0	0
0	0	0	0
0	0	0	0
0	0	0	0
0	0	0	0
0	0	0	0
0	0	0	0
0	0	0	0
0	0	0	0
0	0	0	0
0	0	0	0
0	0	0	0
0	0	0	0
0	0	0	0

#G
1101011001011100
0010001000010100
0000000000000000
0000000000000000
0000000000000000
0000000000000000
0000000000000000
1111110000000001
0000000000000000
0000000000000000
0000000000000000
0000000000000000
0000000000000000
0000000000000000
0000000000000000
0000000000000000

0	0	0	0	0	0	0	0	0	0	0	0	0	0	0	0
0	0	0	0	0	0	0	0	0	0	0	0	0	0	0	0
0	0	0	0	0	0	0	0	0	0	0	0	0	0	0	0
0	0	0	0	0	0	0	0	0	0	0	0	0	0	0	0
