MLR

4 TRACK MLR SEQUENCER
CLOCK TO TRIGGER 1
RESET TO TRIGGER 8
4 LOWER ROWS ARE DIVIDERS



#1
L 0 3: A I; SCRIPT 3

#2
Y / G.BTNI 16; X % G.BTNI 16
IF G.BTNV: PN 0 Y % + X 15 16

#3
PN 2 A + 1 PN 2 A
IF LT PN 2 A PN 1 A: BREAK
PN 2 A 0; G.REC 0 A 16 1 0 0
CV + 1 A N PN 0 A
PN 0 A % + 1 PN 0 A 16
G.LED PN 0 A A 15

#4
I % PN 2 G.FDRI + 1 G.FDRN
PN 2 G.FDRI I
PN 1 G.FDRI + 1 G.FDRN

#5

#6

#7

#8
L 0 3: PN 0 I 15

#M
SCRIPT 1

#I
G.BTX 0 0 0 1 1 0 0 2 16 4
L 0 3: PN 1 I 1
G.FDX 0 0 4 16 1 0 0 4 1 4

#P
0	4	0	0
1	1	1	1
0	0	0	0
63	63	63	63

1	1	0	0
9	1	0	0
2	1	0	0
1	1	0	0
0	0	0	0
0	0	0	0
0	0	0	0
0	0	0	0
0	0	0	0
0	0	0	0
0	0	0	0
0	0	0	0
0	0	0	0
0	0	0	0
0	0	0	0
0	0	0	0
0	0	0	0
0	0	0	0
0	0	0	0
0	0	0	0
0	0	0	0
0	0	0	0
0	0	0	0
0	0	0	0
0	0	0	0
0	0	0	0
0	0	0	0
0	0	0	0
0	0	0	0
0	0	0	0
0	0	0	0
0	0	0	0
0	0	0	0
0	0	0	0
0	0	0	0
0	0	0	0
0	0	0	0
0	0	0	0
0	0	0	0
0	0	0	0
0	0	0	0
0	0	0	0
0	0	0	0
0	0	0	0
0	0	0	0
0	0	0	0
0	0	0	0
0	0	0	0
0	0	0	0
0	0	0	0
0	0	0	0
0	0	0	0
0	0	0	0
0	0	0	0
0	0	0	0
0	0	0	0
0	0	0	0
0	0	0	0
0	0	0	0
0	0	0	0
0	0	0	0
0	0	0	0
0	0	0	0
0	0	0	0

#G
0000000000000000
0000000000000000
0000000000000000
0000000000000000
0000000000000000
0000000000000000
0000000000000000
0000000000000000
0000000000000000
0000000000000000
0000000000000000
0000000000000000
0000000000000000
0000000000000000
0000000000000000
0000000000000000

0	0	0	0	0	0	0	0	0	0	0	0	0	0	0	0
0	0	0	0	0	0	0	0	0	0	0	0	0	0	0	0
0	0	0	0	0	0	0	0	0	0	0	0	0	0	0	0
0	0	0	0	0	0	0	0	0	0	0	0	0	0	0	0
