PATTERN CANVAS



#1
B / % + A % G.BTNI 16 256 64
C % + A % G.BTNI 16 64
PN B C 0
L 0 15: Z I; SCRIPT 2

#2
T % G.BTNI 16
T << G.BTN.V + T * Z 16 Z
PN B C + PN B C T

#3

#4

#5
D + X * Y 16
B / % + A X 256 64
C % + A X 64
G.BTN.V D % >> PN B C Y 2

#6
PN 3 56 I
L 0 15: Y I; SCRIPT 5
I PN 3 56

#7
PN 3 57 I
L 0 15: X I; SCRIPT 6
I PN 3 57

#8
D + IN PARAM
D SCALE 0 16383 0 224 D
IF != A D: A D; SCRIPT 7

#M
SCRIPT 8

#I
G.BTX 0 0 0 1 1 1 0 1 16 16
M 40

#P
64	64	0	0
1	1	1	1
0	0	0	0
63	63	63	63

8	8	36	24
20	36	66	60
34	36	66	126
65	36	36	255
130	24	24	255
68	0	36	126
40	129	36	60
16	129	24	24
40	129	36	0
68	66	66	24
130	66	129	36
65	66	129	66
34	36	66	129
20	36	36	129
8	36	24	66
20	24	36	36
34	36	36	24
65	36	24	0
130	36	36	24
68	66	66	36
40	66	66	66
16	66	36	66
40	129	24	36
68	129	36	24
0	129	36	0
255	0	24	24
0	9	0	36
126	18	0	36
0	36	129	24
60	72	126	0
0	144	0	24
24	72	66	24
0	36	60	0
60	18	0	60
0	9	36	36
126	18	24	36
0	36	0	60
255	72	24	0
0	144	0	126
170	72	36	66
85	36	0	66
170	18	66	66
85	9	0	66
170	18	129	126
85	36	0	0
170	72	66	129
85	144	0	255
0	72	36	129
24	36	0	0
36	18	24	0
36	9	24	0
36	18	0	0
16	36	24	0
8	72	60	0
4	36	60	0
36	18	24	0
36	9	0	15
24	4	24	15
0	2	60	0
24	0	126	0
36	24	126	0
36	36	60	0
36	36	24	0
16	24	0	50

#G
0101000000000000
1010000000000000
0101001110011100
1010010000100010
0101010001000010
1010001110001100
0101000000000000
1010000000000000
0000000000000000
0000000000000000
0000000000000000
0000000000000000
0000000000000000
0000000000000000
0000000000000000
0000000000000000

0	0	0	0	0	0	0	0	0	0	0	0	0	0	0	0
0	0	0	0	0	0	0	0	0	0	0	0	0	0	0	0
0	0	0	0	0	0	0	0	0	0	0	0	0	0	0	0
0	0	0	0	0	0	0	0	0	0	0	0	0	0	0	0
