PATTERN CANVAS 2



#1
PN 3 51 I
D / % + A % G.BTNI 16 256 4
T % + A % G.BTNI 16 64
PN D T 0
L 0 15: Z I; SCRIPT 2
I PN 3 51

#2
O % G.BTNI 16
O << G.BTN.V + O * Z 16 Z
PN D T + PN D T O

#3

#4

#5
D + X * Y 16
B / % + A X 256 4
C % + A X 64
G.BTN.V D % >> PN B C Y 2

#6
PN 3 56 I
L 0 15: Y I; SCRIPT 5
I PN 3 56

#7
PN 3 57 I
L 0 15: X I; SCRIPT 6
I PN 3 57

#8
D * 16 SCALE 0 16383 0 14 PRM
IF != A D: A D; SCRIPT 7

#M
SCRIPT 8

#I
G.BTX 0 0 0 1 1 1 0 1 16 16
M 40

#P
0	0	0	0
1	1	1	1
0	0	0	0
63	63	63	63

-32767	0	0	0
16386	0	0	0
8196	0	0	0
4104	0	0	0
0	2064	0	0
0	0	0	0
0	0	0	0
0	0	0	0
0	0	0	0
0	0	0	0
0	0	0	0
0	0	2064	0
0	0	0	4104
0	0	0	8196
0	0	0	16386
0	0	0	-32767
0	0	0	0
0	0	0	0
0	0	0	0
0	0	0	0
0	0	0	4080
0	0	0	2064
0	0	0	2064
0	0	0	2064
0	0	0	2064
0	0	0	2064
0	0	0	2064
0	0	0	4080
0	0	0	0
0	0	0	0
0	0	0	0
0	0	0	0
0	0	0	0
0	0	0	0
0	0	0	0
0	0	0	0
0	0	0	0
0	0	0	0
0	0	0	384
0	0	0	2624
0	0	0	2624
0	0	0	384
0	0	0	0
0	0	0	0
0	0	0	0
0	0	0	0
0	0	0	0
0	0	0	0
0	0	0	0
0	0	0	0
0	0	0	0
0	0	0	0
0	0	0	960
0	0	0	0
0	0	0	2448
0	0	0	2640
0	0	0	15
0	0	0	0
0	0	0	0
0	0	0	960
0	0	0	0
0	0	0	0
0	0	0	0
0	0	0	0

#G
1000000000000001
0100000000000010
0010000000000100
0001000000001000
0000100000010000
0000000000000000
0000000000000000
0000000000000000
0000000000000000
0000000000000000
0000000000000000
0000100000010000
0001000000001000
0010000000000100
0100000000000010
1000000000000000

0	0	0	0	0	0	0	0	0	0	0	0	0	0	0	0
0	0	0	0	0	0	0	0	0	0	0	0	0	0	0	0
0	0	0	0	0	0	0	0	0	0	0	0	0	0	0	0
0	0	0	0	0	0	0	0	0	0	0	0	0	0	0	0
