PATTERN SLIDES 256



#1
Y + C / G.BTNI 16; PN B Y 0
PN 3 0 PN B Y
L 0 15: X I; SCRIPT 2
PN 3 4 G.BTNV
PN 3 1 PN B Y
PN 3 2 Y; PN 3 3 G.BTNI

#2
O + X * 16 / G.BTNI 16
Z << G.BTN.V O X
PN B Y + Z PN B Y

#3

#4

#5

#6
Z + X * Y 16
G.BTN.V Z % >> PN B + C Y X 2

#7
L 0 15: X I; SCRIPT 6

#8
O I
L 0 15: Y I; SCRIPT 7
I O

#M
D SCALE 0 16383 0 15 PRM
IF != A D: C % << D 4 64
IF != A D: B >> D 2
IF != A D: A D; SCRIPT 5

#I
G.BTX 0 0 0 1 1 1 0 1 16 16
M 40
G.ROTATE 1

#P
5	0	0	64
1	1	1	1
0	0	0	0
63	63	63	63

-32768	0	0	0
-32768	0	0	0
-32768	0	0	0
-32765	0	0	0
-1	0	0	0
-1	0	0	0
-1	0	0	0
-1	0	0	0
-1	0	0	0
0	0	0	0
0	0	0	0
0	0	0	0
0	0	0	0
0	0	0	0
0	0	0	0
0	0	0	0
17	0	0	0
384	0	0	0
1463	0	0	0
0	0	0	0
1	0	0	0
1	0	0	0
255	0	0	0
255	0	0	0
0	0	0	0
0	0	0	0
0	0	0	0
0	0	0	0
0	0	0	0
0	0	0	0
0	0	0	0
0	0	0	0
0	0	0	0
0	0	0	0
0	0	0	0
0	0	0	0
0	0	0	0
0	0	0	0
0	0	0	0
0	0	0	0
0	0	0	0
0	0	0	0
0	0	0	0
0	0	0	0
0	0	0	0
0	0	0	0
0	0	0	0
0	0	0	0
0	0	0	0
0	0	0	0
0	0	0	0
0	0	0	0
0	0	0	0
0	0	0	0
0	0	0	0
0	0	0	0
0	0	0	0
0	0	0	0
0	0	0	0
0	0	0	0
0	0	0	0
0	0	0	0
0	0	0	0
0	0	0	0

#G
0000000000000000
0000000000000000
0000000000000000
0000000000000000
0000000000000000
0000000000000000
0000000000000000
0000000000000000
0000000000000000
0000000000000000
0000000000000000
0000000000000000
0000000000000000
0000000000000000
0000000000000000
0000000000000000

0	0	0	0	0	0	0	0	0	0	0	0	0	0	0	0
0	0	0	0	0	0	0	0	0	0	0	0	0	0	0	0
0	0	0	0	0	0	0	0	0	0	0	0	0	0	0	0
0	0	0	0	0	0	0	0	0	0	0	0	0	0	0	0
