RAIN

PRESS ANYWHERE ON GRID
BANK 3 0..15 IS NOTES
TRIGGER 1 RESETS DROPS
TRIGGER 2 REMOVES DOTS



#1
L 0 15: PN 0 I 0

#2
G.GBTN.V 0 0

#3

#4

#5
PN 0 % + 1 X 16 PN 0 X
PN 0 % + 15 X 16 PN 0 X

#6
G.LED X Y + 1 * 2 Y
Z G.BTN.V + X * Y 16
IF Z: SCRIPT 7
IF Z: SCRIPT 5
IF Z: PN 0 X 7

#7
T + 1 % X 4
TR.P T
CV T N PN 3 X
G.LED X Y 15

#8
PN 0 X % + 1 PN 0 X 8
Y PN 0 X
SCRIPT 6

#M
M! SCALE 0 V 10 500 10 PRM
G.CLR
L 0 15: X I; SCRIPT 8

#I
G.BTX 0 0 0 1 1 1 0 0 16 8

#P
0	0	0	0
1	1	1	1
0	0	0	0
63	63	63	63

3	-1	0	0
3	0	0	2
3	0	0	4
3	0	0	5
3	0	0	7
3	0	0	9
3	0	0	11
3	0	0	12
3	0	0	14
3	0	0	16
3	0	0	17
3	0	0	19
3	0	0	21
3	0	0	23
3	0	0	24
3	0	0	26
0	0	0	0
0	0	0	0
0	0	0	0
0	0	0	0
0	0	0	0
0	0	0	0
0	0	0	0
0	0	0	0
0	0	0	0
0	0	0	0
0	0	0	0
0	0	0	0
0	0	0	0
0	0	0	0
0	0	0	0
0	0	0	0
0	0	0	0
0	0	0	0
0	0	0	0
0	0	0	0
0	0	0	0
0	0	0	0
0	0	0	0
0	0	0	0
0	0	0	0
0	0	0	0
0	0	0	0
0	0	0	0
0	0	0	0
0	0	0	0
0	0	0	0
0	0	0	0
0	0	0	0
0	0	0	0
0	0	0	0
0	0	0	0
0	0	0	0
0	0	0	0
0	0	0	0
0	0	0	0
0	0	0	0
0	0	0	0
0	0	0	0
0	0	0	0
0	0	0	0
0	0	0	0
0	0	0	0
0	0	0	0

#G
0000000000000000
0000000000000000
0000000000000000
0000000000000000
0000000000000000
0000000000000000
0000000000000000
0000000000000000
0000000000000000
0000000000000000
0000000000000000
0000000000000000
0000000000000000
0000000000000000
0000000000000000
0000000000000000

0	0	0	0	0	0	0	0	0	0	0	0	0	0	0	0
0	0	0	0	0	0	0	0	0	0	0	0	0	0	0	0
0	0	0	0	0	0	0	0	0	0	0	0	0	0	0	0
0	0	0	0	0	0	0	0	0	0	0	0	0	0	0	0
