WATER CIRCLES



#1

#2

#3

#4
T * 2 - 5 PN 0 A
IF PN 0 A: CV + 1 A V T

#5
T PN 0 A
IF T: T + T 1
IF > T 7: T 0
PN 0 A T

#6
X - PN 1 A - PN 0 A 1
Y - PN 2 A - PN 0 A 1
T * 2 PN 0 A; T - T 1
B * 2 - 7 PN 0 A
G.REC X Y T T -3 B
SCRIPT 4; SCRIPT 5

#7
L 0 4: A I; SCRIPT 6

#8
PN 0 Z 1
PN 1 Z G.XYP.X 0
PN 2 Z G.XYP.Y 0
TR.P + Z 1
TO.CV + Z 1 N G.XYP.X
Z WRAP + Z 1 0 3

#M
G.CLR; SCRIPT 7
L 1 4: CV.SLEW I M
M! SCALE 0 V 10 500 10 PRM

#I
Z 0
G.XYP 0 0 0 16 16 0 8
L 0 3: PN 0 I 0

#P
1	0	1	16
1	1	1	1
0	0	0	0
63	63	63	63

0	3	7	0
0	8	6	2
0	4	5	4
0	6	5	5
0	0	0	7
0	0	0	9
0	0	0	11
0	0	0	12
0	0	0	14
0	0	0	16
0	0	0	17
0	0	0	19
0	0	0	21
0	0	0	23
0	0	0	24
0	0	0	26
0	0	0	0
0	0	0	0
0	0	0	0
0	0	0	0
0	0	0	0
0	0	0	0
0	0	0	0
0	0	0	0
0	0	0	0
0	0	0	0
0	0	0	0
0	0	0	0
0	0	0	0
0	0	0	0
0	0	0	0
0	0	0	0
0	0	0	0
0	0	0	0
0	0	0	0
0	0	0	0
0	0	0	0
0	0	0	0
0	0	0	0
0	0	0	0
0	0	0	0
0	0	0	0
0	0	0	0
0	0	0	0
0	0	0	0
0	0	0	0
0	0	0	0
0	0	0	0
0	0	0	0
0	0	0	0
0	0	0	0
0	0	0	0
0	0	0	0
0	0	0	0
0	0	0	0
0	0	0	0
0	0	0	0
0	0	0	0
0	0	0	0
0	0	0	0
0	0	0	0
0	0	0	0
0	0	0	0
0	0	0	0

#G
0000000000000000
0000000000000000
0000000000000000
0000000000000000
0000000000000000
0000000000000000
0000000000000000
0000000000000000
0000000000000000
0000000000000000
0000000000000000
0000000000000000
0000000000000000
0000000000000000
0000000000000000
0000000000000000

0	0	0	0	0	0	0	0	0	0	0	0	0	0	0	0
0	0	0	0	0	0	0	0	0	0	0	0	0	0	0	0
0	0	0	0	0	0	0	0	0	0	0	0	0	0	0	0
0	0	0	0	0	0	0	0	0	0	0	0	0	0	0	0
